1.000000
0.913187
0.952029
0.659254
0.491178
-0.193756
-1.472820
-1.180697
-1.499280
-1.152316
-0.569531
-0.520421
-0.338581
-1.041380
-0.536278
-1.358027
-1.469750
-1.827075
-1.631746
-1.529325
-2.149829
-2.238318
-2.711392
-2.754101
-2.312375
-2.851821
-1.731489
-1.808113
-1.290737
-0.037619
-0.860988
-1.012088
-1.061837
-1.421166
-0.723556
-0.746042
-0.032233
-0.306049
-0.098292
-0.308601
-0.489965
-0.326928
-0.004713
-0.431336
-0.808873
-1.055837
-1.023695
-1.627313
-1.599860
-0.875223
-1.457829
-1.436695
-0.411279
-0.666131
-1.053424
-0.812181
-0.733244
-0.232866
-1.004582
-0.876099
-0.735558
-0.707421
-0.993617
-0.792398
-0.111642
-0.058321
0.029478
0.213406
0.078612
-0.264887
-0.081343
0.669000
0.928182
0.719078
1.239543
1.576062
2.026706
0.882404
0.904810
1.722627
2.421806
2.149386
1.639674
1.064692
0.932113
0.796283
0.932181
0.740623
0.336265
0.179391
0.056680
-0.202093
-0.901195
-0.913081
-1.105490
-1.169330
-1.567491
-1.117819
-0.820122
-1.941683
-1.265523
-1.090719
-0.767264
-0.391871
0.012360
-0.584607
0.231143
-0.140794
-0.289834
0.130732
-0.725904
0.054892
-0.265175
-0.496755
0.776217
-0.092505
-0.986073
-0.698466
-1.140412
-1.505359
-1.455359
-1.157861
-1.161359
-0.765384
-1.378283
-0.555549
-1.406215
-1.199755
-0.199677
-0.444252
0.089237
-0.450198
-1.089025
-1.901429
-1.970268
-0.959535
-0.702327
-0.282827
1.242273
1.232263
0.969464
0.988614
1.380832
1.254366
1.291994
1.023581
0.877436
1.525277
1.136862
1.178098
0.980170
0.982585
0.437992
0.492134
0.430056
0.850486
0.619016
1.076028
1.679179
1.708737
1.607831
1.579863
1.848564
1.612932
2.059053
2.400691
2.226442
1.803077
2.276949
1.583586
1.134265
0.451375
0.144185
0.691609
0.889734
0.900892
1.050850
1.597114
1.226359
1.342040
1.464414
1.226583
0.705507
-0.080774
-0.758565
-0.933990
-0.493095
-0.220760
0.640731
0.417320
0.815210
0.264548
0.686686
0.661944
1.188465
1.098738
-0.224654
0.236140
0.608281
-0.290283
