1.864441
0.170084
0.134387
-0.830266
2.441868
2.265913
-1.109372
-2.050668
-0.923988
2.914511
1.166947
2.796417
1.811425
1.585138
-0.579667
-0.311808
-0.007744
1.215617
1.388281
-1.895279
2.893875
-0.946215
-2.384119
1.880644
-0.938583
-2.756529
1.182770
-0.137548
2.103792
-0.417794
1.313690
0.010388
0.833831
2.076603
2.309365
-1.047802
0.369600
2.791253
0.310777
-1.552218
3.073614
-0.123866
2.786668
0.226592
-2.875834
2.257090
1.663875
-0.765748
0.856229
-1.445255
-0.978243
-1.900603
1.320898
1.952723
-0.775719
-0.133487
2.398496
3.504834
3.036703
-1.405960
0.436145
-1.125682
-2.074556
0.392178
3.526168
-0.337750
-1.654707
-1.091647
-0.743018
-0.805418
2.876965
1.190393
1.247111
-0.584236
1.190485
1.753619
2.122168
1.191181
-0.622136
-1.129892
-1.323554
1.892256
2.721469
2.828139
1.285634
0.555828
2.201639
2.157627
-1.259570
0.421632
-0.535335
-0.597342
1.702987
1.810733
-0.408745
2.214962
0.819808
1.658399
0.926914
3.460665
1.798956
-0.026186
0.266908
2.168223
0.237114
1.458353
2.295297
-1.693249
1.837924
0.797548
2.003634
0.809151
-1.883261
-2.683830
-2.428140
1.360869
-0.281278
0.698873
-1.666477
0.964169
-1.114290
-0.834615
-1.711255
-3.796162
1.261630
0.274588
0.352319
-0.906429
1.291102
0.150376
2.013521
2.093921
2.987341
4.434983
0.909947
2.011394
-1.468071
0.342008
-0.739827
1.507938
-0.937211
1.097516
2.303535
0.654916
0.320048
0.741906
0.387639
1.169262
1.361583
-0.967560
1.946056
-2.253098
-1.224585
0.844435
-0.005757
0.691051
-1.648826
2.831137
3.032162
1.944950
2.045673
-0.874567
0.923698
0.154271
-0.406201
3.277832
-1.739275
2.308598
1.009194
-0.317195
1.257739
0.792249
0.306017
1.289967
2.299426
-1.026201
-1.661578
1.292935
3.101423
2.716836
0.735188
0.963093
-1.084824
-0.554990
1.537443
0.640888
1.776532
0.024227
-1.253353
0.674444
0.393154
-2.569454
-1.288538
1.212972
2.756991
-0.584138
1.385998
0.563848
-1.308541
0.586741
1.018134
2.006772
3.447148
0.939575
-0.350444
0.054511
0.966455
0.520108
1.649357
1.370264
-0.183901
1.215602
-1.360492
-0.381995
-0.835999
-0.657157
2.168459
1.308627
1.347568
-0.595079
2.707914
1.299031
1.584548
2.030319
0.490475
1.640968
0.610536
2.570916
-1.316953
-0.838463
2.967749
1.214928
1.096729
0.929830
2.726558
-0.975912
2.581294
3.828662
3.213765
-0.616005
0.994808
-2.838746
2.976296
2.436488
1.736390
3.106379
-2.024833
1.452802
1.367056
0.900913
1.761249
-0.976021
1.126132
2.487688
-1.438853
-0.396320
1.470543
0.602538
-0.590526
1.113012
-1.293764
-0.616033
2.894475
2.371319
-1.080457
2.198277
2.419039
-0.341758
2.411740
-0.041534
1.756463
0.607815
1.206210
1.959412
-0.730699
-0.442307
-0.051293
1.913417
-1.513231
1.939286
-2.119105
1.405056
2.163088
-2.310121
0.122677
1.262803
0.742502
0.233384
-1.490862
-2.024734
2.354737
2.388638
-0.880337
0.661415
2.124357
3.692705
0.801127
1.670687
1.934956
1.369321
-1.582120
1.851290
1.280340
2.660442
1.060396
1.884028
-2.850140
-1.410257
1.270401
-0.204613
1.121272
1.292518
-0.972553
-0.748462
1.542130
2.507418
1.378154
-0.273606
0.916458
-2.003080
0.591089
0.179376
0.827224
1.550265
-2.187375
2.260474
1.154211
1.558674
-0.446929
-1.991136
1.875641
2.621288
-0.635124
1.137979
2.007372
1.561290
0.165702
-2.433075
-1.655185
-2.604063
2.389063
-1.633450
-0.966367
-2.915875
-0.428750
-0.224471
0.391848
1.272080
-1.647489
1.243904
-1.129965
-0.444519
1.392063
-1.872808
0.496140
1.609346
-0.684775
-1.124417
1.197942
1.580154
2.462308
0.944357
0.187169
0.991009
1.802322
3.455050
0.741886
1.551306
1.657082
1.781475
1.241472
0.863244
-0.536637
1.289098
1.538320
-0.194160
2.227144
1.857474
0.406100
-0.437500
1.251488
1.339255
2.043261
1.493787
1.318985
1.121538
-2.467266
2.610837
1.314951
1.287174
0.809495
-0.439362
1.512756
-0.723530
-0.985097
0.877176
1.566691
1.125761
-0.499708
-0.132111
