3.746714
3.111736
3.897689
4.773030
3.015847
5.265863
7.079213
6.267435
5.030526
6.042560
5.036582
5.034270
5.741962
1.336720
3.775082
2.687712
2.237169
3.564247
4.591976
1.837696
4.715649
3.024224
3.317528
4.075252
4.955617
3.360923
2.099006
3.625698
2.649361
5.208306
2.648293
7.352278
3.236503
2.192289
4.072545
4.279156
5.708864
1.290330
4.171814
3.446861
6.238467
3.421368
3.134352
5.198896
1.771478
4.780156
5.039361
4.307122
3.593618
1.486960
5.824084
2.864918
2.573078
3.861676
4.281000
4.181280
2.410782
2.940788
3.581263
4.225545
5.020826
3.064341
2.143665
4.303793
6.312526
4.606240
3.177990
4.253533
5.861636
2.604880
5.861396
7.038037
5.464174
4.814644
0.630255
4.071903
3.337047
2.950993
3.341761
1.262431
3.030328
3.607113
4.727894
2.731730
2.441506
2.748243
6.415402
3.578751
2.720240
3.763267
3.347078
4.218645
4.797947
2.922338
2.857892
1.786485
5.796120
3.511055
3.255113
3.015413
1.834629
2.829355
5.157285
2.447723
5.338714
3.654051
7.386186
3.424578
3.507550
3.175554
1.331229
3.223486
5.560230
5.713242
5.307639
3.551547
3.215288
4.331322
6.642823
4.001933
4.041032
2.340613
4.652794
1.848149
6.086857
5.440456
4.509464
2.683702
3.349651
2.746524
1.699337
3.318563
4.437696
3.723592
2.330576
4.799934
4.716747
2.927938
4.063517
2.019136
3.477460
4.557143
1.642517
5.684634
3.509883
4.031823
2.013049
1.929543
3.771942
3.546985
3.500493
5.846448
2.569975
3.482254
5.793072
2.535649
5.115775
3.723833
2.058697
3.906554
4.525318
4.037085
4.408596
4.679318
4.213376
3.662781
4.072060
5.146793
3.004612
2.496264
2.360486
2.434190
5.422898
3.591152
5.776691
6.327183
3.263002
4.703534
2.985343
5.970169
3.875667
2.392842
4.429108
3.732472
5.276537
3.964000
5.973238
3.177171
4.653206
1.735153
2.803485
4.106399
5.714094
2.004261
5.673181
3.635317
4.616143
5.653725
5.558209
2.107030
3.607787
6.060785
4.333051
4.303802
1.872331
2.312175
3.765035
3.763786
6.015048
9.352731
3.820891
4.385566
4.204002
6.151391
2.934731
4.008969
4.727175
5.263181
2.764636
3.331874
7.814659
3.632735
6.186260
1.637284
5.028068
6.588951
3.314280
4.422255
2.534696
6.179598
4.769633
5.716459
3.295572
2.598400
5.393944
3.883919
1.224857
5.686454
4.838214
4.102433
4.707479
5.385264
6.004987
6.365755
4.299704
2.915499
2.775055
2.596671
5.015454
3.654982
4.239116
4.167862
5.372156
6.532465
1.730630
2.765766
4.516911
2.542331
5.943819
4.024634
2.323070
5.440475
0.008733
2.225612
2.997432
2.002217
4.882411
4.069859
5.059956
3.380741
4.691273
4.064138
6.663164
3.260233
2.268491
3.712103
5.699060
4.899783
5.569802
2.864686
5.613517
3.912131
7.086017
2.012185
5.383033
1.297912
5.348215
6.088317
5.780992
2.627300
3.041878
2.756999
2.660635
4.099602
5.857015
2.557090
4.149600
3.557300
4.062862
6.129629
4.671005
2.689819
6.247294
3.860370
5.479098
3.367327
6.777665
2.658429
3.797097
5.297807
3.032319
4.348777
4.075416
4.063510
4.555479
5.521004
6.181953
5.189733
3.574166
5.369857
3.346996
3.845157
2.431779
5.342387
4.493983
4.285811
4.408111
4.041663
3.874120
3.878346
5.487753
2.352746
3.325805
2.572838
6.475120
3.102943
2.424503
5.178614
3.662931
4.936275
2.427780
3.493687
5.744967
2.743057
2.778962
3.482050
1.801916
1.842536
2.531556
3.036553
5.810908
4.725356
6.357660
3.090061
3.230984
4.497471
3.231487
2.961341
5.822719
2.422769
3.769347
7.032739
3.141240
5.901712
3.940144
2.848780
3.474092
3.262592
3.347676
2.476990
3.274510
3.747998
6.951144
4.209271
7.653182
4.732652
6.372321
3.433342
5.439803
2.441702
4.660278
2.650607
1.126104
2.724245
2.490867
3.400394
3.591756
5.126171
6.450424
4.923096
2.351585
5.991919
1.929767
5.081459
4.429440
2.780824
1.536865
4.603872
3.135460
4.487816
1.655572
2.650625
3.255244
3.296981
2.799935
3.872850
2.182380
3.107621
5.620296
6.014439
3.961615
4.375358
3.965886
6.777677
5.832314
4.751513
4.801152
3.365675
4.429297
3.317518
7.560748
5.005341
3.001036
6.471571
3.895376
4.618632
2.285077
3.936051
4.308424
3.741261
2.066741
3.460768
2.980593
3.967542
4.752357
3.324095
7.128616
4.119899
3.796618
5.444452
3.634065
3.217305
3.432558
3.160880
1.945530
3.919673
3.616598
4.560120
2.736133
2.190786
3.187321
6.455142
2.264274
6.004047
4.969742
2.457127
3.142970
2.214758
4.946351
2.052122
7.464725
5.535264
2.550274
3.463980
3.137672
3.029030
3.864167
4.007508
4.969499
2.674182
2.974948
3.198079
1.734809
4.616874
7.144968
5.250964
3.826557
5.811250
6.328881
4.369575
3.122082
2.294460
1.643554
3.453464
2.493649
1.827746
4.853427
2.168452
4.937142
4.131640
3.242027
4.729944
3.327368
2.388716
4.773124
3.788910
2.212754
3.059661
4.624382
1.867200